Relatório de filme
-------------------
QuadroQuadro #    Quadro Bytes    Total Bytes    Página
--------------    ------------    -----------    -----------------
    1       2559072        2559072        Cena 35
    2          4496        2563568        Cena 1 copiado(s) copiado(s) 1 copiado(s) 10 copiado(s)
    3             9        2563577          2
    4             9        2563586          3
    5             9        2563595          4
    6             9        2563604          5
    7             9        2563613          6
    8             9        2563622          7
    9             9        2563631          8
   10             9        2563640          9
   11             9        2563649          10
   12             9        2563658          11
   13             9        2563667          12
   14             9        2563676          13
   15             9        2563685          14
   16             9        2563694          15
   17             9        2563703          16
   18             9        2563712          17
   19             9        2563721          18
   20             9        2563730          19
   21             9        2563739          20
   22             9        2563748          21
   23             9        2563757          22
   24             9        2563766          23
   25             9        2563775          24
   26             9        2563784          25
   27             9        2563793          26
   28             9        2563802          27
   29             9        2563811          28
   30             9        2563820          29
   31             9        2563829          30
   32             9        2563838          31
   33             9        2563847          32
   34             9        2563856          33
   35             9        2563865          34
   36           104        2563969          35
   37           309        2564278          36
   38             9        2564287          37
   39             9        2564296          38
   40             9        2564305          39
   41             9        2564314          40
   42             9        2564323          41
   43             9        2564332          42
   44             9        2564341          43
   45             9        2564350          44
   46             9        2564359          45
   47             9        2564368          46
   48             9        2564377          47
   49             9        2564386          48
   50             9        2564395          49
   51             9        2564404          50
   52             9        2564413          51
   53             9        2564422          52
   54             9        2564431          53
   55             9        2564440          54
   56             9        2564449          55
   57             9        2564458          56
   58             9        2564467          57
   59             9        2564476          58
   60             9        2564485          59
   61             9        2564494          60
   62             9        2564503          61
   63             9        2564512          62
   64             9        2564521          63
   65             9        2564530          64
   66             9        2564539          65
   67             9        2564548          66
   68             9        2564557          67
   69             9        2564566          68
   70             9        2564575          69
   71             9        2564584          70
   72             9        2564593          71
   73             9        2564602          72
   74             9        2564611          73
   75             9        2564620          74
   76             9        2564629          75
   77             9        2564638          76
   78             9        2564647          77
   79             9        2564656          78
   80             9        2564665          79
   81           112        2564777          80
   82            20        2564797          81
   83            13        2564810          82
   84            13        2564823          83
   85            13        2564836          84
   86            13        2564849          85
   87            13        2564862          86
   88            13        2564875          87
   89            13        2564888          88
   90            13        2564901          89
   91             8        2564909          90
   92             2        2564911          91
   93             2        2564913          92
   94             2        2564915          93
   95             2        2564917          94
   96             2        2564919          95
   97             2        2564921          96
   98             2        2564923          97
   99             2        2564925          98
  100             2        2564927          99
  101             2        2564929          100
  102             2        2564931          101
  103             2        2564933          102
  104             2        2564935          103
  105             2        2564937          104
  106             2        2564939          105
  107             2        2564941          106
  108             2        2564943          107
  109             2        2564945          108
  110             2        2564947          109
  111             2        2564949          110
  112             2        2564951          111
  113             2        2564953          112
  114             2        2564955          113
  115             2        2564957          114
  116             2        2564959          115
  117             2        2564961          116
  118             2        2564963          117
  119             2        2564965          118
  120             2        2564967          119
  121             2        2564969          120
  122             2        2564971          121
  123             2        2564973          122
  124             2        2564975          123
  125             2        2564977          124
  126             2        2564979          125
  127             2        2564981          126
  128             2        2564983          127
  129             2        2564985          128
  130             2        2564987          129
  131             2        2564989          130
  132             2        2564991          131
  133             2        2564993          132
  134             2        2564995          133
  135             2        2564997          134
  136             2        2564999          135
  137             2        2565001          136
  138             2        2565003          137
  139             2        2565005          138
  140             2        2565007          139
  141             2        2565009          140
  142             2        2565011          141
  143             2        2565013          142
  144             2        2565015          143
  145             2        2565017          144
  146             2        2565019          145
  147             2        2565021          146
  148             2        2565023          147
  149             2        2565025          148
  150             2        2565027          149
  151            10        2565037          150
  152           970        2566007        Cena 1 copiado(s) copiado(s) 1 copiado(s) 10 copiado(s) copiado(s) copiado(s)
  153            16        2566023          2
  154            16        2566039          3
  155            16        2566055          4
  156            16        2566071          5
  157            22        2566093          6
  158             2        2566095          7
  159             2        2566097          8
  160             2        2566099          9
  161             2        2566101          10
  162            84        2566185          11
  163            21        2566206          12
  164            21        2566227          13
  165            21        2566248          14
  166            53        2566301          15
  167            50        2566351          16
  168            50        2566401          17
  169            50        2566451          18
  170            50        2566501          19
  171          9490        2575991          20
  172         20911        2596902          21
  173            38        2596940          22
  174            38        2596978          23
  175            38        2597016          24
  176            39        2597055          25
  177            39        2597094          26
  178            39        2597133          27
  179            39        2597172          28
  180           145        2597317          29
  181           796        2598113          30
  182            26        2598139          31
  183            26        2598165          32
  184            26        2598191          33
  185            26        2598217          34
  186           433        2598650          35
  187            19        2598669          36
  188            19        2598688          37
  189            19        2598707          38
  190            19        2598726          39
  191            19        2598745          40
  192            19        2598764          41
  193            19        2598783          42
  194            19        2598802          43
  195           130        2598932          44
  196            32        2598964          45
  197            32        2598996          46
  198            32        2599028          47
  199           118        2599146          48
  200             2        2599148          49
  201             2        2599150          50
  202             2        2599152          51
  203             2        2599154          52
  204             2        2599156          53
  205             2        2599158          54
  206             2        2599160          55
  207           826        2599986          56
  208          1260        2601246        Cena 1 copiado(s) copiado(s) 1 copiado(s) 10 copiado(s) copiado(s) 1
  209            12        2601258          2
  210            12        2601270          3
  211            12        2601282          4
  212           161        2601443          5
  213            28        2601471          6
  214            19        2601490          7
  215            19        2601509          8
  216            19        2601528          9
  217            19        2601547          10
  218            19        2601566          11
  219            19        2601585          12
  220            19        2601604          13
  221            19        2601623          14
  222            19        2601642          15
  223            19        2601661          16
  224            19        2601680          17
  225            19        2601699          18
  226            19        2601718          19
  227            19        2601737          20
  228            19        2601756          21
  229            19        2601775          22
  230            19        2601794          23
  231            19        2601813          24
  232            19        2601832          25
  233            19        2601851          26
  234            18        2601869          27
  235            18        2601887          28
  236            18        2601905          29
  237            90        2601995          30
  238            11        2602006          31
  239            11        2602017          32
  240            11        2602028          33
  241            10        2602038          34
  242            16        2602054          35
  243          1668        2603722        Cena 1 copiado(s) copiado(s) 1 copiado(s) 10 copiado(s) copiado(s)
  244            17        2603739          2
  245            17        2603756          3
  246            17        2603773          4
  247            17        2603790          5
  248            17        2603807          6
  249            17        2603824          7
  250            28        2603852          8
  251            26        2603878          9
  252          1098        2604976          10
  253            18        2604994          11
  254            21        2605015          12
  255             9        2605024          13
  256             9        2605033          14
  257           608        2605641          15
  258            31        2605672          16
  259            31        2605703          17
  260            31        2605734          18
  261            31        2605765          19
  262           179        2605944          20
  263            27        2605971          21
  264            18        2605989          22
  265            18        2606007          23
  266            18        2606025          24
  267            19        2606044          25
  268            19        2606063          26
  269            19        2606082          27
  270            19        2606101          28
  271            19        2606120          29
  272            19        2606139          30
  273            19        2606158          31
  274            19        2606177          32
  275            19        2606196          33
  276            19        2606215          34
  277            19        2606234          35
  278            19        2606253          36
  279            19        2606272          37
  280            19        2606291          38
  281            19        2606310          39
  282            19        2606329          40
  283            19        2606348          41
  284            19        2606367          42
  285            19        2606386          43
  286            83        2606469          44
  287            32        2606501          45
  288            32        2606533          46
  289            32        2606565          47
  290            14        2606579          48
  291             2        2606581          49
  292           322        2606903          50
  293             9        2606912          51
  294             9        2606921          52
  295             9        2606930          53
  296             9        2606939          54
  297             9        2606948          55
  298           943        2607891          56
  299          2774        2610665        Cena 1 copiado(s) copiado(s) 1 copiado(s) 10
  300            17        2610682          2
  301            17        2610699          3
  302            17        2610716          4
  303            33        2610749          5
  304            31        2610780          6
  305            31        2610811          7
  306            30        2610841          8
  307            30        2610871          9
  308           998        2611869          10
  309            40        2611909          11
  310            38        2611947          12
  311            38        2611985          13
  312           513        2612498          14
  313            59        2612557          15
  314            59        2612616          16
  315            59        2612675          17
  316            59        2612734          18
  317            59        2612793          19
  318          1171        2613964          20
  319            16        2613980          21
  320            16        2613996          22
  321           212        2614208          23
  322             9        2614217          24
  323             9        2614226          25
  324           290        2614516          26
  325             2        2614518          27
  326             2        2614520          28
  327             2        2614522          29
  328             2        2614524          30
  329             2        2614526          31
  330             2        2614528          32
  331             2        2614530          33
  332             2        2614532          34
  333           338        2614870          35
  334             9        2614879          36
  335             9        2614888          37
  336             9        2614897          38
  337             9        2614906          39
  338             9        2614915          40
  339             9        2614924          41
  340             9        2614933          42
  341             9        2614942          43
  342             9        2614951          44
  343             9        2614960          45
  344             9        2614969          46
  345             9        2614978          47
  346             9        2614987          48
  347             9        2614996          49
  348           393        2615389          50
  349            11        2615400          51
  350            11        2615411          52
  351            11        2615422          53
  352            11        2615433          54
  353            11        2615444          55
  354            11        2615455          56
  355            11        2615466          57
  356            11        2615477          58
  357            11        2615488          59
  358            11        2615499          60
  359            11        2615510          61
  360            10        2615520          62
  361            10        2615530          63
  362            10        2615540          64
  363            17        2615557          65
  364             2        2615559          66
  365             2        2615561          67
  366            11        2615572          68
  367             2        2615574          69
  368           239        2615813          70
  369            28        2615841          71
  370            28        2615869          72
  371            28        2615897          73
  372            28        2615925          74
  373            28        2615953          75
  374            29        2615982          76
  375            29        2616011          77
  376            29        2616040          78
  377            29        2616069          79
  378            29        2616098          80
  379            29        2616127          81
  380            29        2616156          82
  381            29        2616185          83
  382            29        2616214          84
  383            28        2616242          85
  384            28        2616270          86
  385            28        2616298          87
  386            28        2616326          88
  387            28        2616354          89
  388           129        2616483          90
  389            18        2616501          91
  390           237        2616738          92
  391            25        2616763          93
  392            24        2616787          94
  393           110        2616897          95
  394             9        2616906          96
  395             9        2616915          97
  396             9        2616924          98
  397             9        2616933          99
  398             9        2616942          100
  399           986        2617928          101
  400           747        2618675        Cena 1 copiado(s) copiado(s) 1 copiado(s) 10 copiado(s) 1
  401            17        2618692          2
  402            17        2618709          3
  403            17        2618726          4
  404            33        2618759          5
  405            31        2618790          6
  406            31        2618821          7
  407            30        2618851          8
  408            30        2618881          9
  409           897        2619778          10
  410            40        2619818          11
  411            38        2619856          12
  412            38        2619894          13
  413            75        2619969          14
  414            59        2620028          15
  415            59        2620087          16
  416            59        2620146          17
  417            59        2620205          18
  418            59        2620264          19
  419          1077        2621341          20
  420            16        2621357          21
  421            16        2621373          22
  422           261        2621634          23
  423             9        2621643          24
  424             9        2621652          25
  425            14        2621666          26
  426             2        2621668          27
  427             2        2621670          28
  428             2        2621672          29
  429             2        2621674          30
  430             2        2621676          31
  431             2        2621678          32
  432             2        2621680          33
  433             2        2621682          34
  434           338        2622020          35
  435             9        2622029          36
  436             9        2622038          37
  437             9        2622047          38
  438             9        2622056          39
  439             9        2622065          40
  440             9        2622074          41
  441             9        2622083          42
  442             9        2622092          43
  443             9        2622101          44
  444             9        2622110          45
  445             9        2622119          46
  446             9        2622128          47
  447             9        2622137          48
  448             9        2622146          49
  449           243        2622389          50
  450            11        2622400          51
  451            11        2622411          52
  452            11        2622422          53
  453            11        2622433          54
  454            11        2622444          55
  455            11        2622455          56
  456            11        2622466          57
  457            11        2622477          58
  458            11        2622488          59
  459            11        2622499          60
  460            11        2622510          61
  461            10        2622520          62
  462            10        2622530          63
  463            10        2622540          64
  464            17        2622557          65
  465             2        2622559          66
  466             2        2622561          67
  467            11        2622572          68
  468             2        2622574          69
  469           179        2622753          70
  470            28        2622781          71
  471            28        2622809          72
  472            28        2622837          73
  473            28        2622865          74
  474            28        2622893          75
  475            29        2622922          76
  476            29        2622951          77
  477            29        2622980          78
  478            29        2623009          79
  479            29        2623038          80
  480            29        2623067          81
  481            29        2623096          82
  482            29        2623125          83
  483            29        2623154          84
  484            28        2623182          85
  485            28        2623210          86
  486            28        2623238          87
  487            28        2623266          88
  488            28        2623294          89
  489            24        2623318          90
  490            18        2623336          91
  491           237        2623573          92
  492            25        2623598          93
  493            24        2623622          94
  494            63        2623685          95
  495             9        2623694          96
  496             9        2623703          97
  497             9        2623712          98
  498             9        2623721          99
  499             9        2623730          100
  500           941        2624671          101
  501           889        2625560        Cena 1 copiado(s) copiado(s) 1 copiado(s) 10 copiado(s) 2
  502            17        2625577          2
  503            17        2625594          3
  504            17        2625611          4
  505            33        2625644          5
  506            31        2625675          6
  507            31        2625706          7
  508            30        2625736          8
  509            30        2625766          9
  510           897        2626663          10
  511            40        2626703          11
  512            38        2626741          12
  513            38        2626779          13
  514            75        2626854          14
  515            59        2626913          15
  516            59        2626972          16
  517            59        2627031          17
  518            59        2627090          18
  519            59        2627149          19
  520          1143        2628292          20
  521            16        2628308          21
  522            16        2628324          22
  523           299        2628623          23
  524             9        2628632          24
  525             9        2628641          25
  526            14        2628655          26
  527             2        2628657          27
  528             2        2628659          28
  529             2        2628661          29
  530             2        2628663          30
  531             2        2628665          31
  532             2        2628667          32
  533             2        2628669          33
  534             2        2628671          34
  535           338        2629009          35
  536             9        2629018          36
  537             9        2629027          37
  538             9        2629036          38
  539             9        2629045          39
  540             9        2629054          40
  541             9        2629063          41
  542             9        2629072          42
  543             9        2629081          43
  544             9        2629090          44
  545             9        2629099          45
  546             9        2629108          46
  547             9        2629117          47
  548             9        2629126          48
  549             9        2629135          49
  550           243        2629378          50
  551            11        2629389          51
  552            11        2629400          52
  553            11        2629411          53
  554            11        2629422          54
  555            11        2629433          55
  556            11        2629444          56
  557            11        2629455          57
  558            11        2629466          58
  559            11        2629477          59
  560            11        2629488          60
  561            11        2629499          61
  562            10        2629509          62
  563            10        2629519          63
  564            10        2629529          64
  565            17        2629546          65
  566             2        2629548          66
  567             2        2629550          67
  568            11        2629561          68
  569             2        2629563          69
  570           179        2629742          70
  571            28        2629770          71
  572            28        2629798          72
  573            28        2629826          73
  574            28        2629854          74
  575            28        2629882          75
  576            29        2629911          76
  577            29        2629940          77
  578            29        2629969          78
  579            29        2629998          79
  580            29        2630027          80
  581            29        2630056          81
  582            29        2630085          82
  583            29        2630114          83
  584            29        2630143          84
  585            28        2630171          85
  586            28        2630199          86
  587            28        2630227          87
  588            28        2630255          88
  589            28        2630283          89
  590            24        2630307          90
  591            18        2630325          91
  592           237        2630562          92
  593            25        2630587          93
  594            24        2630611          94
  595           110        2630721          95
  596             9        2630730          96
  597             9        2630739          97
  598             9        2630748          98
  599             9        2630757          99
  600             9        2630766          100
  601          1034        2631800          101
  602           686        2632486        Cena 1 copiado(s) copiado(s) 1 copiado(s) 10 copiado(s) 3
  603            17        2632503          2
  604            17        2632520          3
  605            17        2632537          4
  606            33        2632570          5
  607            31        2632601          6
  608            31        2632632          7
  609            30        2632662          8
  610            30        2632692          9
  611           897        2633589          10
  612            40        2633629          11
  613            38        2633667          12
  614            38        2633705          13
  615            75        2633780          14
  616            59        2633839          15
  617            59        2633898          16
  618            59        2633957          17
  619            59        2634016          18
  620            59        2634075          19
  621          1005        2635080          20
  622            16        2635096          21
  623            16        2635112          22
  624           224        2635336          23
  625             9        2635345          24
  626             9        2635354          25
  627            14        2635368          26
  628             2        2635370          27
  629             2        2635372          28
  630             2        2635374          29
  631             2        2635376          30
  632             2        2635378          31
  633             2        2635380          32
  634             2        2635382          33
  635             2        2635384          34
  636           338        2635722          35
  637             9        2635731          36
  638             9        2635740          37
  639             9        2635749          38
  640             9        2635758          39
  641             9        2635767          40
  642             9        2635776          41
  643             9        2635785          42
  644             9        2635794          43
  645             9        2635803          44
  646             9        2635812          45
  647             9        2635821          46
  648             9        2635830          47
  649             9        2635839          48
  650             9        2635848          49
  651           243        2636091          50
  652            11        2636102          51
  653            11        2636113          52
  654            11        2636124          53
  655            11        2636135          54
  656            11        2636146          55
  657            11        2636157          56
  658            11        2636168          57
  659            11        2636179          58
  660            11        2636190          59
  661            11        2636201          60
  662            11        2636212          61
  663            10        2636222          62
  664            10        2636232          63
  665            10        2636242          64
  666            17        2636259          65
  667             2        2636261          66
  668             2        2636263          67
  669            11        2636274          68
  670             2        2636276          69
  671           179        2636455          70
  672            28        2636483          71
  673            28        2636511          72
  674            28        2636539          73
  675            28        2636567          74
  676            28        2636595          75
  677            29        2636624          76
  678            29        2636653          77
  679            29        2636682          78
  680            29        2636711          79
  681            29        2636740          80
  682            29        2636769          81
  683            29        2636798          82
  684            29        2636827          83
  685            29        2636856          84
  686            28        2636884          85
  687            28        2636912          86
  688            28        2636940          87
  689            28        2636968          88
  690            28        2636996          89
  691            24        2637020          90
  692            18        2637038          91
  693           237        2637275          92
  694            25        2637300          93
  695            24        2637324          94
  696            63        2637387          95
  697             9        2637396          96
  698             9        2637405          97
  699             9        2637414          98
  700             9        2637423          99
  701             9        2637432          100
  702           941        2638373          101
  703           679        2639052        Cena 1 copiado(s) copiado(s) 1 copiado(s) 10 copiado(s) 4
  704            17        2639069          2
  705            17        2639086          3
  706            17        2639103          4
  707            33        2639136          5
  708            31        2639167          6
  709            31        2639198          7
  710            30        2639228          8
  711            30        2639258          9
  712           897        2640155          10
  713            40        2640195          11
  714            38        2640233          12
  715            38        2640271          13
  716            75        2640346          14
  717            59        2640405          15
  718            59        2640464          16
  719            59        2640523          17
  720            59        2640582          18
  721            59        2640641          19
  722          1088        2641729          20
  723            16        2641745          21
  724            16        2641761          22
  725           271        2642032          23
  726             9        2642041          24
  727             9        2642050          25
  728            14        2642064          26
  729             2        2642066          27
  730             2        2642068          28
  731             2        2642070          29
  732             2        2642072          30
  733             2        2642074          31
  734             2        2642076          32
  735             2        2642078          33
  736             2        2642080          34
  737           338        2642418          35
  738             9        2642427          36
  739             9        2642436          37
  740             9        2642445          38
  741             9        2642454          39
  742             9        2642463          40
  743             9        2642472          41
  744             9        2642481          42
  745             9        2642490          43
  746             9        2642499          44
  747             9        2642508          45
  748             9        2642517          46
  749             9        2642526          47
  750             9        2642535          48
  751             9        2642544          49
  752           243        2642787          50
  753            11        2642798          51
  754            11        2642809          52
  755            11        2642820          53
  756            11        2642831          54
  757            11        2642842          55
  758            11        2642853          56
  759            11        2642864          57
  760            11        2642875          58
  761            11        2642886          59
  762            11        2642897          60
  763            11        2642908          61
  764            10        2642918          62
  765            10        2642928          63
  766            10        2642938          64
  767            17        2642955          65
  768             2        2642957          66
  769             2        2642959          67
  770            11        2642970          68
  771             2        2642972          69
  772           179        2643151          70
  773            28        2643179          71
  774            28        2643207          72
  775            28        2643235          73
  776            28        2643263          74
  777            28        2643291          75
  778            29        2643320          76
  779            29        2643349          77
  780            29        2643378          78
  781            29        2643407          79
  782            29        2643436          80
  783            29        2643465          81
  784            29        2643494          82
  785            29        2643523          83
  786            29        2643552          84
  787            28        2643580          85
  788            28        2643608          86
  789            28        2643636          87
  790            28        2643664          88
  791            28        2643692          89
  792            24        2643716          90
  793            18        2643734          91
  794           237        2643971          92
  795            25        2643996          93
  796            24        2644020          94
  797            63        2644083          95
  798             9        2644092          96
  799             9        2644101          97
  800             9        2644110          98
  801             9        2644119          99
  802             9        2644128          100
  803           941        2645069          101
  804           679        2645748        Cena 1 copiado(s) copiado(s) 1 copiado(s) 10 copiado(s) 5
  805            17        2645765          2
  806            17        2645782          3
  807            17        2645799          4
  808            33        2645832          5
  809            31        2645863          6
  810            31        2645894          7
  811            30        2645924          8
  812            30        2645954          9
  813           897        2646851          10
  814            40        2646891          11
  815            38        2646929          12
  816            38        2646967          13
  817            75        2647042          14
  818            59        2647101          15
  819            59        2647160          16
  820            59        2647219          17
  821            59        2647278          18
  822            59        2647337          19
  823          1135        2648472          20
  824            16        2648488          21
  825            16        2648504          22
  826           295        2648799          23
  827             9        2648808          24
  828             9        2648817          25
  829            14        2648831          26
  830             2        2648833          27
  831             2        2648835          28
  832             2        2648837          29
  833             2        2648839          30
  834             2        2648841          31
  835             2        2648843          32
  836             2        2648845          33
  837             2        2648847          34
  838           338        2649185          35
  839             9        2649194          36
  840             9        2649203          37
  841             9        2649212          38
  842             9        2649221          39
  843             9        2649230          40
  844             9        2649239          41
  845             9        2649248          42
  846             9        2649257          43
  847             9        2649266          44
  848             9        2649275          45
  849             9        2649284          46
  850             9        2649293          47
  851             9        2649302          48
  852             9        2649311          49
  853           243        2649554          50
  854            11        2649565          51
  855            11        2649576          52
  856            11        2649587          53
  857            11        2649598          54
  858            11        2649609          55
  859            11        2649620          56
  860            11        2649631          57
  861            11        2649642          58
  862            11        2649653          59
  863            11        2649664          60
  864            11        2649675          61
  865            10        2649685          62
  866            10        2649695          63
  867            10        2649705          64
  868            17        2649722          65
  869             2        2649724          66
  870             2        2649726          67
  871            11        2649737          68
  872             2        2649739          69
  873           179        2649918          70
  874            28        2649946          71
  875            28        2649974          72
  876            28        2650002          73
  877            28        2650030          74
  878            28        2650058          75
  879            29        2650087          76
  880            29        2650116          77
  881            29        2650145          78
  882            29        2650174          79
  883            29        2650203          80
  884            29        2650232          81
  885            29        2650261          82
  886            29        2650290          83
  887            29        2650319          84
  888            28        2650347          85
  889            28        2650375          86
  890            28        2650403          87
  891            28        2650431          88
  892            28        2650459          89
  893            24        2650483          90
  894            18        2650501          91
  895           237        2650738          92
  896            25        2650763          93
  897            24        2650787          94
  898            63        2650850          95
  899             9        2650859          96
  900             9        2650868          97
  901             9        2650877          98
  902             9        2650886          99
  903             9        2650895          100
  904           941        2651836          101
  905           679        2652515        Cena 1 copiado(s) copiado(s) 1 copiado(s) 10 copiado(s) 6
  906            17        2652532          2
  907            17        2652549          3
  908            17        2652566          4
  909            33        2652599          5
  910            31        2652630          6
  911            31        2652661          7
  912            30        2652691          8
  913            30        2652721          9
  914           897        2653618          10
  915            40        2653658          11
  916            38        2653696          12
  917            38        2653734          13
  918            75        2653809          14
  919            59        2653868          15
  920            59        2653927          16
  921            59        2653986          17
  922            59        2654045          18
  923            59        2654104          19
  924           998        2655102          20
  925            16        2655118          21
  926            16        2655134          22
  927           221        2655355          23
  928             9        2655364          24
  929             9        2655373          25
  930            14        2655387          26
  931             2        2655389          27
  932             2        2655391          28
  933             2        2655393          29
  934             2        2655395          30
  935             2        2655397          31
  936             2        2655399          32
  937             2        2655401          33
  938             2        2655403          34
  939           338        2655741          35
  940             9        2655750          36
  941             9        2655759          37
  942             9        2655768          38
  943             9        2655777          39
  944             9        2655786          40
  945             9        2655795          41
  946             9        2655804          42
  947             9        2655813          43
  948             9        2655822          44
  949             9        2655831          45
  950             9        2655840          46
  951             9        2655849          47
  952             9        2655858          48
  953             9        2655867          49
  954           243        2656110          50
  955            11        2656121          51
  956            11        2656132          52
  957            11        2656143          53
  958            11        2656154          54
  959            11        2656165          55
  960            11        2656176          56
  961            11        2656187          57
  962            11        2656198          58
  963            11        2656209          59
  964            11        2656220          60
  965            11        2656231          61
  966            10        2656241          62
  967            10        2656251          63
  968            10        2656261          64
  969            17        2656278          65
  970             2        2656280          66
  971             2        2656282          67
  972            11        2656293          68
  973             2        2656295          69
  974           179        2656474          70
  975            28        2656502          71
  976            28        2656530          72
  977            28        2656558          73
  978            28        2656586          74
  979            28        2656614          75
  980            29        2656643          76
  981            29        2656672          77
  982            29        2656701          78
  983            29        2656730          79
  984            29        2656759          80
  985            29        2656788          81
  986            29        2656817          82
  987            29        2656846          83
  988            29        2656875          84
  989            28        2656903          85
  990            28        2656931          86
  991            28        2656959          87
  992            28        2656987          88
  993            28        2657015          89
  994            24        2657039          90
  995            18        2657057          91
  996           237        2657294          92
  997            25        2657319          93
  998            24        2657343          94
  999            63        2657406          95
 1000             9        2657415          96
 1001             9        2657424          97
 1002             9        2657433          98
 1003             9        2657442          99
 1004             9        2657451          100
 1005           941        2658392          101
 1006           679        2659071        Cena 1 copiado(s) copiado(s) 1 copiado(s) 10 copiado(s) 7
 1007            17        2659088          2
 1008            17        2659105          3
 1009            17        2659122          4
 1010            33        2659155          5
 1011            31        2659186          6
 1012            31        2659217          7
 1013            30        2659247          8
 1014            30        2659277          9
 1015           897        2660174          10
 1016            40        2660214          11
 1017            38        2660252          12
 1018            38        2660290          13
 1019            75        2660365          14
 1020            59        2660424          15
 1021            59        2660483          16
 1022            59        2660542          17
 1023            59        2660601          18
 1024            59        2660660          19
 1025          1157        2661817          20
 1026            16        2661833          21
 1027            16        2661849          22
 1028           318        2662167          23
 1029             9        2662176          24
 1030             9        2662185          25
 1031            14        2662199          26
 1032             2        2662201          27
 1033             2        2662203          28
 1034             2        2662205          29
 1035             2        2662207          30
 1036             2        2662209          31
 1037             2        2662211          32
 1038             2        2662213          33
 1039             2        2662215          34
 1040           338        2662553          35
 1041             9        2662562          36
 1042             9        2662571          37
 1043             9        2662580          38
 1044             9        2662589          39
 1045             9        2662598          40
 1046             9        2662607          41
 1047             9        2662616          42
 1048             9        2662625          43
 1049             9        2662634          44
 1050             9        2662643          45
 1051             9        2662652          46
 1052             9        2662661          47
 1053             9        2662670          48
 1054             9        2662679          49
 1055           243        2662922          50
 1056            11        2662933          51
 1057            11        2662944          52
 1058            11        2662955          53
 1059            11        2662966          54
 1060            11        2662977          55
 1061            11        2662988          56
 1062            11        2662999          57
 1063            11        2663010          58
 1064            11        2663021          59
 1065            11        2663032          60
 1066            11        2663043          61
 1067            10        2663053          62
 1068            10        2663063          63
 1069            10        2663073          64
 1070            17        2663090          65
 1071             2        2663092          66
 1072             2        2663094          67
 1073            11        2663105          68
 1074             2        2663107          69
 1075           179        2663286          70
 1076            28        2663314          71
 1077            28        2663342          72
 1078            28        2663370          73
 1079            28        2663398          74
 1080            28        2663426          75
 1081            29        2663455          76
 1082            29        2663484          77
 1083            29        2663513          78
 1084            29        2663542          79
 1085            29        2663571          80
 1086            29        2663600          81
 1087            29        2663629          82
 1088            29        2663658          83
 1089            29        2663687          84
 1090            28        2663715          85
 1091            28        2663743          86
 1092            28        2663771          87
 1093            28        2663799          88
 1094            28        2663827          89
 1095            24        2663851          90
 1096            18        2663869          91
 1097           237        2664106          92
 1098            25        2664131          93
 1099            24        2664155          94
 1100            63        2664218          95
 1101             9        2664227          96
 1102             9        2664236          97
 1103             9        2664245          98
 1104             9        2664254          99
 1105             9        2664263          100
 1106           941        2665204          101
 1107           686        2665890        Cena 1 copiado(s) copiado(s) 1 copiado(s) 10 copiado(s) 8
 1108            17        2665907          2
 1109            17        2665924          3
 1110            17        2665941          4
 1111            33        2665974          5
 1112            31        2666005          6
 1113            31        2666036          7
 1114            30        2666066          8
 1115            30        2666096          9
 1116           897        2666993          10
 1117            40        2667033          11
 1118            38        2667071          12
 1119            38        2667109          13
 1120            75        2667184          14
 1121            59        2667243          15
 1122            59        2667302          16
 1123            59        2667361          17
 1124            59        2667420          18
 1125            59        2667479          19
 1126          1121        2668600          20
 1127            16        2668616          21
 1128            16        2668632          22
 1129           295        2668927          23
 1130             9        2668936          24
 1131             9        2668945          25
 1132            14        2668959          26
 1133             2        2668961          27
 1134             2        2668963          28
 1135             2        2668965          29
 1136             2        2668967          30
 1137             2        2668969          31
 1138             2        2668971          32
 1139             2        2668973          33
 1140             2        2668975          34
 1141           338        2669313          35
 1142             9        2669322          36
 1143             9        2669331          37
 1144             9        2669340          38
 1145             9        2669349          39
 1146             9        2669358          40
 1147             9        2669367          41
 1148             9        2669376          42
 1149             9        2669385          43
 1150             9        2669394          44
 1151             9        2669403          45
 1152             9        2669412          46
 1153             9        2669421          47
 1154             9        2669430          48
 1155             9        2669439          49
 1156           243        2669682          50
 1157            11        2669693          51
 1158            11        2669704          52
 1159            11        2669715          53
 1160            11        2669726          54
 1161            11        2669737          55
 1162            11        2669748          56
 1163            11        2669759          57
 1164            11        2669770          58
 1165            11        2669781          59
 1166            11        2669792          60
 1167            11        2669803          61
 1168            10        2669813          62
 1169            10        2669823          63
 1170            10        2669833          64
 1171            17        2669850          65
 1172             2        2669852          66
 1173             2        2669854          67
 1174            11        2669865          68
 1175             2        2669867          69
 1176           179        2670046          70
 1177            28        2670074          71
 1178            28        2670102          72
 1179            28        2670130          73
 1180            28        2670158          74
 1181            28        2670186          75
 1182            29        2670215          76
 1183            29        2670244          77
 1184            29        2670273          78
 1185            29        2670302          79
 1186            29        2670331          80
 1187            29        2670360          81
 1188            29        2670389          82
 1189            29        2670418          83
 1190            29        2670447          84
 1191            28        2670475          85
 1192            28        2670503          86
 1193            28        2670531          87
 1194            28        2670559          88
 1195            28        2670587          89
 1196            24        2670611          90
 1197            18        2670629          91
 1198           237        2670866          92
 1199            25        2670891          93
 1200            24        2670915          94
 1201            63        2670978          95
 1202             9        2670987          96
 1203             9        2670996          97
 1204             9        2671005          98
 1205             9        2671014          99
 1206             9        2671023          100
 1207           941        2671964          101
 1208           685        2672649        Cena 1 copiado(s) copiado(s) 1 copiado(s) 10 copiado(s) 9
 1209            17        2672666          2
 1210            17        2672683          3
 1211            17        2672700          4
 1212            33        2672733          5
 1213            31        2672764          6
 1214            31        2672795          7
 1215            30        2672825          8
 1216            30        2672855          9
 1217           897        2673752          10
 1218            40        2673792          11
 1219            38        2673830          12
 1220            38        2673868          13
 1221            75        2673943          14
 1222            59        2674002          15
 1223            59        2674061          16
 1224            59        2674120          17
 1225            59        2674179          18
 1226            59        2674238          19
 1227          1142        2675380          20
 1228            16        2675396          21
 1229            16        2675412          22
 1230           300        2675712          23
 1231             9        2675721          24
 1232             9        2675730          25
 1233            14        2675744          26
 1234             2        2675746          27
 1235             2        2675748          28
 1236             2        2675750          29
 1237             2        2675752          30
 1238             2        2675754          31
 1239             2        2675756          32
 1240             2        2675758          33
 1241             2        2675760          34
 1242           338        2676098          35
 1243             9        2676107          36
 1244             9        2676116          37
 1245             9        2676125          38
 1246             9        2676134          39
 1247             9        2676143          40
 1248             9        2676152          41
 1249             9        2676161          42
 1250             9        2676170          43
 1251             9        2676179          44
 1252             9        2676188          45
 1253             9        2676197          46
 1254             9        2676206          47
 1255             9        2676215          48
 1256             9        2676224          49
 1257           243        2676467          50
 1258            11        2676478          51
 1259            11        2676489          52
 1260            11        2676500          53
 1261            11        2676511          54
 1262            11        2676522          55
 1263            11        2676533          56
 1264            11        2676544          57
 1265            11        2676555          58
 1266            11        2676566          59
 1267            11        2676577          60
 1268            11        2676588          61
 1269            10        2676598          62
 1270            10        2676608          63
 1271            10        2676618          64
 1272            17        2676635          65
 1273             2        2676637          66
 1274             2        2676639          67
 1275            11        2676650          68
 1276             2        2676652          69
 1277           179        2676831          70
 1278            28        2676859          71
 1279            28        2676887          72
 1280            28        2676915          73
 1281            28        2676943          74
 1282            28        2676971          75
 1283            29        2677000          76
 1284            29        2677029          77
 1285            29        2677058          78
 1286            29        2677087          79
 1287            29        2677116          80
 1288            29        2677145          81
 1289            29        2677174          82
 1290            29        2677203          83
 1291            29        2677232          84
 1292            28        2677260          85
 1293            28        2677288          86
 1294            28        2677316          87
 1295            28        2677344          88
 1296            28        2677372          89
 1297            24        2677396          90
 1298            18        2677414          91
 1299           237        2677651          92
 1300            25        2677676          93
 1301            24        2677700          94
 1302            63        2677763          95
 1303             9        2677772          96
 1304             9        2677781          97
 1305             9        2677790          98
 1306             9        2677799          99
 1307             9        2677808          100
 1308           942        2678750          101
 1309           679        2679429        Cena 1 copiado(s) copiado(s) 1 copiado(s) 10 copiado(s) 10
 1310            17        2679446          2
 1311            17        2679463          3
 1312            17        2679480          4
 1313            33        2679513          5
 1314            31        2679544          6
 1315            31        2679575          7
 1316            30        2679605          8
 1317            30        2679635          9
 1318           897        2680532          10
 1319            40        2680572          11
 1320            38        2680610          12
 1321            38        2680648          13
 1322            75        2680723          14
 1323            59        2680782          15
 1324            59        2680841          16
 1325            59        2680900          17
 1326            59        2680959          18
 1327            59        2681018          19
 1328          1035        2682053          20
 1329            16        2682069          21
 1330            16        2682085          22
 1331           241        2682326          23
 1332             9        2682335          24
 1333             9        2682344          25
 1334            14        2682358          26
 1335             2        2682360          27
 1336             2        2682362          28
 1337             2        2682364          29
 1338             2        2682366          30
 1339             2        2682368          31
 1340             2        2682370          32
 1341             2        2682372          33
 1342             2        2682374          34
 1343           338        2682712          35
 1344             9        2682721          36
 1345             9        2682730          37
 1346             9        2682739          38
 1347             9        2682748          39
 1348             9        2682757          40
 1349             9        2682766          41
 1350             9        2682775          42
 1351             9        2682784          43
 1352             9        2682793          44
 1353             9        2682802          45
 1354             9        2682811          46
 1355             9        2682820          47
 1356             9        2682829          48
 1357             9        2682838          49
 1358           243        2683081          50
 1359            11        2683092          51
 1360            11        2683103          52
 1361            11        2683114          53
 1362            11        2683125          54
 1363            11        2683136          55
 1364            11        2683147          56
 1365            11        2683158          57
 1366            11        2683169          58
 1367            11        2683180          59
 1368            11        2683191          60
 1369            11        2683202          61
 1370            10        2683212          62
 1371            10        2683222          63
 1372            10        2683232          64
 1373            17        2683249          65
 1374             2        2683251          66
 1375             2        2683253          67
 1376            11        2683264          68
 1377             2        2683266          69
 1378           179        2683445          70
 1379            28        2683473          71
 1380            28        2683501          72
 1381            28        2683529          73
 1382            28        2683557          74
 1383            28        2683585          75
 1384            29        2683614          76
 1385            29        2683643          77
 1386            29        2683672          78
 1387            29        2683701          79
 1388            29        2683730          80
 1389            29        2683759          81
 1390            29        2683788          82
 1391            29        2683817          83
 1392            29        2683846          84
 1393            28        2683874          85
 1394            28        2683902          86
 1395            28        2683930          87
 1396            28        2683958          88
 1397            28        2683986          89
 1398            24        2684010          90
 1399            18        2684028          91
 1400           237        2684265          92
 1401            25        2684290          93
 1402            24        2684314          94
 1403            63        2684377          95
 1404             9        2684386          96
 1405             9        2684395          97
 1406             9        2684404          98
 1407             9        2684413          99
 1408             9        2684422          100
 1409           942        2685364          101
 1410           679        2686043        Cena 1 copiado(s) copiado(s) 1 copiado(s) 10 copiado(s) 11
 1411            17        2686060          2
 1412            17        2686077          3
 1413            17        2686094          4
 1414            33        2686127          5
 1415            31        2686158          6
 1416            31        2686189          7
 1417            30        2686219          8
 1418            30        2686249          9
 1419           897        2687146          10
 1420            40        2687186          11
 1421            38        2687224          12
 1422            38        2687262          13
 1423            75        2687337          14
 1424            59        2687396          15
 1425            59        2687455          16
 1426            59        2687514          17
 1427            59        2687573          18
 1428            59        2687632          19
 1429          1123        2688755          20
 1430            16        2688771          21
 1431            16        2688787          22
 1432           286        2689073          23
 1433             9        2689082          24
 1434             9        2689091          25
 1435            14        2689105          26
 1436             2        2689107          27
 1437             2        2689109          28
 1438             2        2689111          29
 1439             2        2689113          30
 1440             2        2689115          31
 1441             2        2689117          32
 1442             2        2689119          33
 1443             2        2689121          34
 1444           338        2689459          35
 1445             9        2689468          36
 1446             9        2689477          37
 1447             9        2689486          38
 1448             9        2689495          39
 1449             9        2689504          40
 1450             9        2689513          41
 1451             9        2689522          42
 1452             9        2689531          43
 1453             9        2689540          44
 1454             9        2689549          45
 1455             9        2689558          46
 1456             9        2689567          47
 1457             9        2689576          48
 1458             9        2689585          49
 1459           243        2689828          50
 1460            11        2689839          51
 1461            11        2689850          52
 1462            11        2689861          53
 1463            11        2689872          54
 1464            11        2689883          55
 1465            11        2689894          56
 1466            11        2689905          57
 1467            11        2689916          58
 1468            11        2689927          59
 1469            11        2689938          60
 1470            11        2689949          61
 1471            10        2689959          62
 1472            10        2689969          63
 1473            10        2689979          64
 1474            17        2689996          65
 1475             2        2689998          66
 1476             2        2690000          67
 1477            11        2690011          68
 1478             2        2690013          69
 1479           179        2690192          70
 1480            28        2690220          71
 1481            28        2690248          72
 1482            28        2690276          73
 1483            28        2690304          74
 1484            28        2690332          75
 1485            29        2690361          76
 1486            29        2690390          77
 1487            29        2690419          78
 1488            29        2690448          79
 1489            29        2690477          80
 1490            29        2690506          81
 1491            29        2690535          82
 1492            29        2690564          83
 1493            29        2690593          84
 1494            28        2690621          85
 1495            28        2690649          86
 1496            28        2690677          87
 1497            28        2690705          88
 1498            28        2690733          89
 1499            24        2690757          90
 1500            18        2690775          91
 1501           237        2691012          92
 1502            25        2691037          93
 1503            24        2691061          94
 1504            63        2691124          95
 1505             9        2691133          96
 1506             9        2691142          97
 1507             9        2691151          98
 1508             9        2691160          99
 1509             9        2691169          100
 1510           942        2692111          101

Página                       Forma Bytes    Texto Bytes
-------------------------    -----------    -----------
Cena 35                           0             0
Cena 1 copiado(s) copiado(s) 1 copiado(s) 10 copiado(s)      313             0
Cena 1 copiado(s) copiado(s) 1 copiado(s) 10 copiado(s) copiado(s) copiado(s)      402             0
Cena 1 copiado(s) copiado(s) 1 copiado(s) 10 copiado(s) copiado(s) 1       47           492
Cena 1 copiado(s) copiado(s) 1 copiado(s) 10 copiado(s) copiado(s)      727            47
Cena 1 copiado(s) copiado(s) 1 copiado(s) 10      191            47
Cena 1 copiado(s) copiado(s) 1 copiado(s) 10 copiado(s) 1      240            47
Cena 1 copiado(s) copiado(s) 1 copiado(s) 10 copiado(s) 2      573            47
Cena 1 copiado(s) copiado(s) 1 copiado(s) 10 copiado(s) 3      203            47
Cena 1 copiado(s) copiado(s) 1 copiado(s) 10 copiado(s) 4      250            47
Cena 1 copiado(s) copiado(s) 1 copiado(s) 10 copiado(s) 5      274            47
Cena 1 copiado(s) copiado(s) 1 copiado(s) 10 copiado(s) 6      200            47
Cena 1 copiado(s) copiado(s) 1 copiado(s) 10 copiado(s) 7      297            47
Cena 1 copiado(s) copiado(s) 1 copiado(s) 10 copiado(s) 8      274            47
Cena 1 copiado(s) copiado(s) 1 copiado(s) 10 copiado(s) 9      279            47
Cena 1 copiado(s) copiado(s) 1 copiado(s) 10 copiado(s) 10      220            47
Cena 1 copiado(s) copiado(s) 1 copiado(s) 10 copiado(s) 11     1362           775

Objetos incorporados           3903             0

Página                       Símbolo Bytes    Texto Bytes
-------------------------    -------------    -----------
Símbolo 90                        0             0
Símbolo 89                        0            94
Símbolo 88                        0           204
Clipe Simbolo5                    0             0
Clipe Simbolo4                    0             0
Clipe Simbolo3                    0             0
Clippe Simbolo2                  42             0
Clipe Simbolo 1                   0             0
Tecido 12                         0             0
Tecido 11                         0             0
Tecido 10                         0             0
Tecido 9                          0             0
Tecido 8                          0             0
Tecido 7                          0             0
Tecido 6                          0             0
Tecido 5                          0             0
Tecido 4                          0             0
Tecido 3                          0             0
Tecido 2                          0             0
Tecido 1                          0             0
Símbolo 8                        42             0
Símbolo 4                         0             0
Símbolo 3                         0             0
Símbolo 2                         0             0
Símbolo 1                         0             0
grey area                        40             0
button - previous               263             0
button - next                   275             0

Bitmap                     Compactado    Compactação
-----------------------    ----------  --------  -----------
Bitmap 45                      14962      930180   Qualidade do JPEG=100
Bitmap 48                       1684       12524   =100
Bitmap 49                       1380       12524   =100
Bitmap 57                       1624       32000   =100
Bitmap 58                        494        3844   =100
Bitmap 59                        568        6724   =100
Bitmap 60                       1021        6724   =100
Bitmap 63                       3716       25284   =100
Bitmap 80                      10355     1394688   =100
Bitmap 81                      11971      954484   =100
Bitmap 86                     552729     5046552   =100
Bitmap 87                     591717     5046552   =100
Bitmap 95                     565651     5076080   =100
Bitmap 88                     599348     5046552   =100

Formas interpoladas: 29716 bytes

Sons de evento: 44KHz Mono 128 kbps MP3

Nome do som                 Bytes        Formatar    
------------------------    ---------    ------------
AWARGLIS.fmp3               20865        44KHz Mono 128 kbps MP3
batecao                      9189        44KHz Mono 128 kbps MP3
testendo                   188499        44KHz Mono 128 kbps MP3
duck.fmp3                    1055        22KHz Mono 128 kbps MP3
kiss.fmp3                    1705        22KHz Mono 128 kbps MP3
whizpop.fmp3                 1185        22KHz Mono 128 kbps MP3


Nome do som                 Bytes        Formatar    
------------------------    ---------    ------------
Arial Negrito                1074        0123456789
Arial Black                  2402        .@ACDEIMNOPRSTUabcdefimnorstz
Arial Black Negrito          3891         ()-./012345789:@ACDEFHILNOPRSTWabcdefghilmnoprstwxz
